Semilla y Score:

0.9457013574660633 2
0.9683257918552036 7
0.9683257918552036 15
0.9592760180995475 21
0.9321266968325792 22
0.9321266968325792 38
0.9638009049773756 53
0.9638009049773756 58
0.9683257918552036 72
0.9411764705882353 75
0.9547511312217195 88
0.9411764705882353 10
0.9638009049773756 93
0.9547511312217195 100
0.9502262443438914 33
0.9638009049773756 103
0.9683257918552036 44
0.9547511312217195 107
0.9411764705882353 117
0.9683257918552036 122
0.9457013574660633 130
0.9411764705882353 131
0.9502262443438914 150
0.9683257918552036 152
0.9276018099547512 158
0.9592760180995475 161
0.9321266968325792 180
0.9366515837104072 188
0.9638009049773756 189
0.9457013574660633 192
